plda/xvec_transform.npz 325f1ce8e48f7e55e9c8aa47e05d2766b7c48c4b25b8de8dd751e7a4cc5fbe8f
[('mean1', (256,), 'float64'), ('mean2', (128,), 'float32'), ('lda', (256, 128), 'float32')]
plda/plda.npz 9b77bcd840692710dd3496f62ecfeed8d8e5f002fd991b785079b244eab7d255
[('mu', (128,), 'float64'), ('tr', (128, 128), 'float64'), ('psi', (128,), 'float64')]
min_num_samples 400
plan 159999 0 1 [0]
plan 160000 1 0 [0]
plan 160001 1 1 [0, 16000]
plan 175999 1 1 [0, 16000]
plan 176000 2 0 [0, 16000]
plan 176001 2 1 [0, 16000, 32000]
plan 480000 21 0 [0, 16000, 32000, 48000, 64000, 80000, 96000, 112000, 128000, 144000, 160000, 176000, 192000, 208000, 224000, 240000, 256000, 272000, 288000, 304000, 320000]
